radioId	genreId
410422	32
410422	37
410424	2
410424	32
410424	37
410427	32
410427	37
410429	1
410429	32
410429	37
410429	96
410436	32
410436	37
410444	2
410444	32
410444	37
410453	32
410453	37
410478	16
410478	25
410478	85
410478	95
410482	16
410482	95
410492	16
410492	95
410496	16
410496	95
410509	16
410509	19
410509	41
410509	85
410515	16
410515	85
410517	16
410517	41
410517	57
410517	85
410535	16
410535	85
410536	16
410536	85
410569	85
410569	97
410583	1
410583	2
410583	85
410587	1
410587	2
410587	3
410587	31
410587	41
410587	44
410587	85
410588	1
410588	2
410588	25
410588	46
410588	85
410588	98
410597	1
410597	2
410597	85
410599	1
410599	85
410600	1
410600	2
410600	41
410600	85
410601	1
410601	2
410601	6
410601	33
410601	85
410603	1
410603	41
410603	85
410607	1
410607	2
410607	85
410608	1
410608	85
410615	1
410615	2
410615	85
410622	1
410622	85
410625	1
410625	2
410625	32
410625	41
410625	85
410626	1
410626	2
410626	41
410626	85
410634	1
410634	2
410634	6
410634	23
410634	25
410634	28
410634	29
410634	41
410634	44
410634	49
410634	85
410638	1
410638	2
410638	85
410645	1
410645	2
410645	85
410646	1
410646	2
410646	85
410648	1
410648	85
410649	1
410649	2
410649	16
410649	19
410649	31
410649	35
410649	45
410649	85
410649	91
410650	1
410650	2
410650	41
410650	85
410652	1
410652	2
410652	85
410656	1
410656	2
410656	6
410656	23
410656	41
410656	85
410657	1
410657	2
410657	44
410657	85
410665	1
410665	2
410665	32
410665	85
410668	1
410668	2
410668	85
410674	1
410674	2
410674	85
410677	1
410677	2
410677	21
410677	44
410677	85
410679	1
410679	2
410679	85
410682	1
410682	2
410682	85
410684	1
410684	2
410684	15
410684	21
410684	32
410684	33
410684	43
410684	44
410684	85
410687	1
410687	2
410687	7
410687	8
410687	10
410687	13
410687	33
410687	43
410687	85
410695	1
410695	2
410695	31
410695	85
410697	1
410697	2
410697	31
410697	32
410697	85
410697	102
410698	1
410698	85
410700	1
410700	41
410700	85
410704	1
410704	2
410704	31
410704	85
410706	1
410706	2
410706	85
410709	1
410709	2
410709	3
410709	31
410709	85
410710	1
410710	2
410710	85
410711	1
410711	2
410711	85
410712	1
410712	2
410712	13
410712	15
410712	21
410712	32
410712	33
410712	43
410712	44
410712	85
410716	1
410716	2
410716	13
410716	33
410716	43
410716	85
410719	1
410719	32
410719	85
410726	1
410726	2
410726	85
410728	1
410728	2
410728	32
410728	85
410729	1
410729	2
410729	6
410729	85
410731	1
410731	2
410731	11
410731	19
410731	83
410731	85
410733	1
410733	2
410733	31
410733	32
410733	41
410733	85
410734	1
410734	2
410734	41
410734	85
410737	1
410737	2
410737	6
410737	85
410742	1
410742	2
410742	15
410742	21
410742	32
410742	36
410742	37
410742	44
410742	85
410743	1
410743	2
410743	29
410743	85
410749	1
410749	2
410749	85
410793	85
410808	85
410816	85
410816	98
410849	2
410849	14
410849	45
410849	85
410895	85
410903	85
410905	15
410905	44
410905	85
410916	44
410916	85
410918	44
410918	85
410923	44
410923	85
410923	114
410949	41
410949	44
410949	85
410957	21
410957	33
410957	43
410957	44
410957	85
410968	16
410968	53
410968	85
410989	85
410989	93
411006	85
411006	93
411008	85
411008	93
411009	3
411009	41
411009	85
411012	41
411012	84
411012	85
411012	91
411028	1
411028	3
411028	31
411028	41
411028	85
411028	91
411057	3
411057	41
411057	85
411078	1
411078	30
411078	38
411078	45
411078	85
411099	13
411099	33
411099	41
411099	43
411099	50
411099	63
411099	85
411104	13
411104	18
411104	19
411104	33
411104	41
411104	43
411104	84
411104	85
411105	13
411105	18
411105	19
411105	33
411105	41
411105	43
411105	85
411113	13
411113	18
411113	19
411113	33
411113	41
411113	43
411113	84
411113	85
411121	13
411121	18
411121	19
411121	33
411121	41
411121	43
411121	85
411122	18
411122	19
411122	33
411122	41
411122	43
411122	84
411122	85
411127	18
411127	19
411127	33
411127	41
411127	43
411127	65
411127	85
411128	18
411128	19
411128	33
411128	41
411128	43
411128	84
411128	85
411140	1
411140	41
411140	85
411145	41
411145	85
411154	41
411154	85
411155	1
411155	31
411155	41
411155	85
411165	28
411165	29
411165	41
411165	56
411165	85
411165	93
411165	94
411169	1
411169	41
411169	85
411171	3
411171	41
411171	85
411172	3
411172	33
411172	41
411172	85
411184	3
411184	41
411184	84
411184	85
411184	91
411188	41
411188	85
411197	41
411197	85
411209	6
411209	23
411209	41
411209	49
411209	85
411210	41
411210	85
411212	1
411212	31
411212	41
411212	84
411212	85
411212	91
411223	41
411223	85
411237	41
411237	85
411254	31
411254	84
411254	85
411254	91
411260	1
411260	31
411260	84
411260	85
411260	91
411261	7
411261	8
411261	10
411261	84
411261	85
411261	91
411272	3
411272	41
411272	85
411278	3
411278	31
411278	85
411305	3
411305	65
411305	85
411321	3
411321	31
411321	85
411367	3
411367	41
411367	85
411382	3
411382	85
411408	2
411408	31
411408	41
411408	44
411408	85
411409	31
411409	85
411450	31
411450	85
411465	29
411465	85
411469	35
411469	37
411469	48
411469	67
411479	19
411479	35
411479	67
411479	71
411479	95
411480	35
411480	67
411489	28
411489	35
411489	67
411491	13
411491	28
411491	33
411491	35
411491	43
411491	48
411491	67
411498	13
411498	28
411498	33
411498	35
411498	43
411498	50
411498	67
411498	84
411504	28
411504	35
411504	50
411504	67
411524	28
411524	35
411524	67
411526	28
411526	35
411526	67
411538	28
411538	35
411538	67
411578	28
411578	35
411578	53
411578	56
411578	67
411607	28
411607	35
411607	67
411609	28
411609	35
411609	67
411612	2
411612	16
411612	19
411612	33
411612	35
411612	45
411616	33
411616	35
411616	45
411616	112
411623	33
411623	35
411627	33
411627	35
411631	33
411631	35
411634	33
411634	35
411638	33
411638	35
411638	45
411638	74
411638	102
411646	33
411646	35
411648	2
411648	33
411648	35
411649	2
411649	33
411649	35
411650	33
411650	35
411656	33
411656	35
411659	33
411659	35
411664	32
411664	33
411664	35
411666	2
411666	33
411666	35
411673	33
411673	35
411677	33
411677	35
411677	46
411677	54
411677	57
411687	33
411687	35
411696	33
411696	35
411697	33
411697	35
411699	33
411699	35
411700	33
411700	35
411702	2
411702	33
411702	35
411705	33
411705	35
411705	39
411705	45
411705	112
411706	33
411706	35
411724	33
411724	35
411724	45
411724	54
411724	57
411725	2
411725	33
411725	35
411767	2
411767	16
411767	19
411767	35
411767	45
411773	2
411773	16
411773	19
411773	35
411773	45
411787	2
411787	7
411787	8
411787	10
411787	16
411787	19
411787	35
411787	45
411789	2
411789	16
411789	19
411789	35
411789	45
411794	2
411794	35
411794	45
411808	2
411808	16
411808	19
411808	35
411808	45
411811	2
411811	16
411811	19
411811	35
411811	45
411824	2
411824	16
411824	19
411824	35
411824	45
411825	2
411825	16
411825	19
411825	35
411825	45
411868	2
411868	16
411868	19
411868	35
411868	45
411880	2
411880	16
411880	19
411880	24
411880	35
411880	45
411883	2
411883	16
411883	19
411883	35
411883	45
411889	2
411889	16
411889	19
411889	35
411889	45
411902	45
411902	46
411902	57
411902	82
411902	112
411907	46
411907	57
411913	46
411913	57
411924	46
411924	57
411936	46
411936	57
411943	46
411943	57
411964	46
411964	57
411964	67
411965	46
411965	57
411985	46
411985	57
411992	46
411992	57
411995	46
411995	57
412001	13
412001	33
412001	43
412001	46
412001	54
412001	57
412006	46
412006	54
412006	57
412013	46
412013	57
412018	46
412018	57
412019	46
412019	57
412020	46
412020	57
412031	46
412031	57
412045	46
412045	57
412058	46
412058	57
412077	5
412077	6
412077	46
412077	57
412077	84
412078	6
412078	19
412078	33
412078	46
412078	50
412078	57
412078	84
412079	19
412079	46
412079	57
412085	6
412085	46
412085	57
412085	84
412086	46
412086	50
412086	57
412088	5
412088	46
412088	57
412093	54
412093	57
412115	54
412115	57
412119	54
412119	57
412211	54
412211	57
412214	46
412214	54
412214	57
412245	54
412245	57
412249	54
412249	57
412255	54
412255	57
412261	54
412261	57
412287	54
412287	57
412289	54
412289	57
412292	54
412292	57
412293	54
412293	57
412350	14
412350	45
412352	14
412352	45
412360	14
412360	45
412368	45
412368	64
412371	1
412371	2
412371	35
412371	45
412371	64
412371	85
412374	45
412374	64
412379	22
412379	24
412379	45
412383	22
412383	45
412385	22
412385	45
412385	64
412385	98
412388	22
412388	45
412394	11
412394	19
412394	45
412394	92
412397	24
412397	45
412400	35
412400	45
412400	74
412408	39
412408	45
412408	112
412409	45
412409	112
412411	45
412411	112
412413	45
412413	82
412413	112
412414	45
412414	46
412414	82
412414	112
412415	39
412415	45
412415	112
412420	45
412420	112
412420	114
412421	1
412421	21
412421	30
412421	44
412421	45
412421	53
412421	112
412423	45
412423	112
412426	39
412426	45
412426	112
412428	21
412428	44
412428	45
412428	112
412434	1
412434	41
412434	45
412434	112
412435	45
412435	112
412437	17
412437	45
412437	109
412437	112
412444	45
412444	112
412457	45
412457	95
412457	112
412460	2
412460	45
412460	82
412460	112
412463	39
412463	45
412463	112
412465	45
412465	98
412465	110
412465	112
412467	4
412467	45
412467	82
412467	112
412472	11
412472	45
412472	112
412473	45
412473	112
412478	44
412478	45
412478	112
412484	21
412484	35
412484	45
412484	112
412488	45
412488	112
412493	45
412493	112
412494	2
412494	33
412494	35
412494	39
412494	45
412494	112
412496	45
412496	112
412496	114
412498	45
412498	112
412499	2
412499	45
412499	112
412504	45
412504	112
412506	45
412506	112
412511	16
412511	45
412511	112
412512	4
412512	45
412512	112
412515	4
412515	45
412515	112
412524	45
412524	112
412527	33
412527	45
412527	98
412527	112
412528	21
412528	44
412528	45
412528	112
412529	45
412529	112
412541	39
412541	45
412541	48
412541	86
412541	112
412547	11
412547	39
412547	45
412547	112
412551	21
412551	44
412551	45
412551	112
412553	21
412553	45
412553	112
412555	45
412555	69
412555	109
412555	112
412560	2
412560	15
412560	21
412560	45
412560	112
412562	4
412562	45
412562	112
412566	45
412566	112
412575	1
412575	21
412575	44
412575	45
412575	112
412576	39
412576	45
412576	112
412579	2
412579	32
412579	45
412579	112
412579	114
412581	39
412581	45
412581	112
412586	21
412586	44
412586	45
412586	112
412587	8
412587	45
412587	112
412589	45
412589	112
412592	45
412592	64
412593	45
412593	64
412596	13
412596	33
412596	43
412596	45
412596	64
412606	45
412606	104
412612	45
412612	104
412621	45
412621	104
412638	45
412638	104
412643	2
412643	13
412643	33
412643	43
412643	45
412643	104
412647	45
412647	104
412659	22
412659	45
412659	49
412665	22
412665	45
412667	22
412667	45
412667	98
412669	22
412669	45
412681	45
412681	81
412687	45
412687	81
412694	2
412694	14
412694	36
412694	45
412697	14
412697	45
412718	2
412718	4
412718	14
412718	45
412784	2
412784	14
412784	36
412784	45
412790	14
412790	45
412790	113
412796	45
412796	98
412803	13
412803	22
412803	45
412803	111
412808	6
412808	13
412808	15
412808	28
412808	29
412808	45
412808	111
412822	22
412822	45
412824	22
412824	45
412832	22
412832	45
412835	22
412835	45
412837	22
412837	45
412844	16
412844	19
412844	45
412880	12
412880	13
412880	24
412880	45
412888	11
412888	12
412888	24
412888	40
412888	45
412892	12
412892	13
412892	24
412892	45
412898	19
412898	43
412898	71
412901	5
412901	19
412929	11
412929	19
412929	40
412929	106
412932	2
412932	11
412932	19
412932	32
412932	106
412951	11
412951	19
412951	32
412955	11
412955	19
412955	32
412955	40
412957	11
412957	19
412957	103
412968	11
412968	19
412970	11
412970	19
412974	11
412974	19
412974	40
412974	106
412976	11
412976	19
412980	11
412980	19
412985	11
412985	19
412985	40
412992	2
412992	9
412992	10
412992	11
412992	19
412999	11
412999	19
413024	11
413024	19
413030	11
413030	19
413032	11
413032	19
413048	11
413048	19
413069	11
413069	19
413079	11
413079	19
413079	103
413086	2
413086	11
413086	19
413086	32
413086	106
413104	19
413114	19
413123	19
413133	19
413133	71
413135	19
413135	62
413135	71
413144	11
413144	83
413144	92
413144	99
413144	106
413145	11
413145	40
413145	83
413145	99
413147	11
413147	99
413150	11
413150	99
413156	11
413164	11
413164	92
413185	11
413185	106
413195	11
413196	11
413196	32
413196	40
413196	53
413196	83
413196	103
413225	11
413225	103
413250	11
413250	40
413261	11
413261	40
413262	11
413262	40
413321	6
413321	84
413326	6
413326	48
413326	84
413327	6
413327	84
413361	6
413361	10
413361	15
413361	28
413361	84
413375	2
413375	6
413375	28
413375	29
413375	49
413375	84
413376	28
413376	29
413376	84
413399	6
413399	23
413399	28
413399	29
413399	49
413399	84
413413	2
413413	6
413413	28
413413	29
413413	49
413413	84
413425	98
413426	32
413426	98
413428	98
413429	98
413430	98
413431	98
413435	63
413435	98
413436	53
413436	98
413439	98
413441	98
413442	98
413445	98
413449	32
413449	98
413451	98
413452	98
413454	98
413459	1
413459	98
413460	2
413460	98
413463	98
413464	98
413469	98
413471	98
413472	98
413473	98
413480	49
413480	98
413481	98
413482	1
413482	2
413482	32
413482	41
413482	98
413484	98
413485	98
413486	98
413492	98
413493	98
413494	98
413496	98
413498	98
413500	63
413500	98
413505	98
413506	98
413508	98
413512	98
413514	98
413515	98
413518	3
413518	41
413518	98
413520	1
413520	32
413520	98
413521	98
413525	98
413532	98
413533	98
413534	98
413535	98
413536	98
413538	32
413538	98
413539	98
413544	98
413545	98
413551	98
413552	88
413552	98
413553	98
413554	98
413557	98
413558	98
413561	98
413564	98
413565	71
413565	98
413567	98
413570	98
413572	36
413572	63
413572	98
413573	98
413576	45
413576	98
413577	98
413578	98
413579	98
413580	98
413583	98
413584	98
413585	98
413586	98
413589	6
413589	98
413590	98
413592	98
413594	98
413595	98
413597	98
413599	98
413606	57
413606	68
413628	1
413628	2
413628	41
413628	85
413630	2
413630	85
413632	1
413632	2
413645	2
413645	32
413648	1
413648	2
413651	2
413651	21
413651	44
413652	1
413652	2
413652	32
413653	2
413654	2
413656	2
413656	32
413657	1
413657	2
413658	2
413658	31
413659	1
413659	2
413659	32
413660	1
413660	2
413660	32
413660	104
413667	2
413667	28
413667	29
413667	33
413667	64
413674	2
413674	15
413684	2
413684	6
413684	15
413704	2
413704	13
413704	15
413704	33
413704	43
413708	2
413708	15
413708	32
413714	2
413714	15
413717	2
413717	15
413717	21
413717	32
413727	2
413727	15
413727	32
413727	34
413727	35
413729	2
413729	15
413729	30
413734	2
413734	15
413737	2
413737	15
413740	2
413740	15
413740	32
413752	2
413752	15
413757	2
413757	15
413757	21
413757	45
413758	2
413758	15
413758	32
413768	2
413768	15
413768	33
413777	2
413777	15
413778	2
413778	15
413788	2
413788	13
413788	15
413788	33
413788	43
413816	2
413816	32
413818	2
413818	32
413824	2
413824	32
413829	2
413829	32
413832	2
413832	13
413832	32
413832	33
413832	43
413832	85
413837	2
413837	32
413842	2
413842	13
413842	32
413842	33
413842	43
413842	48
413842	96
413849	2
413849	6
413849	28
413849	29
413849	32
413852	2
413852	13
413852	32
413852	33
413852	43
413861	2
413861	32
413866	2
413866	32
413875	2
413875	32
413884	1
413884	2
413884	32
413895	2
413895	32
413897	2
413897	32
413901	2
413901	32
413909	2
413909	13
413909	32
413909	33
413909	43
413912	2
413912	13
413912	45
413920	7
413920	8
413920	10
413927	7
413927	8
413927	10
413927	24
413929	7
413929	8
413929	10
413933	7
413933	8
413933	10
413939	7
413939	8
413939	10
413939	11
413945	7
413945	8
413945	10
413988	7
413988	8
413988	10
413996	7
413996	8
413996	10
414013	7
414013	8
414013	10
414024	7
414024	10
414024	27
414025	7
414025	10
414025	27
414027	7
414027	10
414027	27
414076	7
414076	10
414078	7
414078	10
414080	7
414080	10
414088	7
414088	10
414089	7
414089	9
414089	10
414127	2
414127	7
414127	8
414127	10
414127	30
414127	53
414127	65
414137	7
414137	10
414149	7
414149	10
414154	7
414154	10
414154	50
414155	7
414155	10
414164	7
414164	10
414178	7
414178	10
414178	22
414187	5
414187	6
414193	5
414193	6
414193	58
414208	6
414208	25
414218	6
414218	25
414249	6
414249	25
414250	6
414250	25
414270	6
414270	7
414270	23
414271	6
414271	23
414283	3
414283	6
414283	23
414283	41
414292	6
414292	23
414292	25
414292	35
414292	36
414292	37
414292	44
414305	6
414305	10
414305	15
414305	28
414305	29
414305	49
414321	28
414325	2
414325	13
414325	28
414325	33
414325	43
414325	48
414370	28
414370	29
414373	6
414373	28
414373	29
414394	28
414394	29
414422	28
414422	29
414424	28
414424	29
414451	2
414451	6
414451	28
414451	29
414451	32
414498	28
414498	29
414498	30
414510	28
414510	29
414510	30
414533	28
414533	29
414533	32
414549	6
414549	10
414549	15
414549	28
414564	6
414564	10
414564	15
414564	28
414566	6
414566	10
414566	15
414566	28
414574	13
414581	13
414584	13
414584	29
414584	41
414598	13
414620	13
414620	24
414651	13
414651	33
414651	43
414651	85
414653	13
414653	33
414653	43
414654	13
414654	33
414654	43
414655	13
414655	33
414655	43
414656	13
414656	33
414656	43
414658	13
414658	33
414658	43
414659	13
414659	33
414659	43
414659	50
414662	13
414662	33
414669	13
414669	33
414669	43
414671	13
414671	33
414671	43
414672	13
414672	33
414672	43
414681	13
414681	33
414681	43
414682	13
414682	33
414682	43
414683	13
414683	33
414683	43
414686	13
414686	33
414686	43
414687	13
414687	33
414687	43
414688	13
414688	22
414688	33
414688	43
414689	13
414689	33
414689	43
414690	13
414690	33
414691	13
414691	33
414691	43
414692	13
414692	33
414692	43
414694	13
414694	33
414694	43
414696	13
414696	18
414696	33
414696	43
414698	13
414698	33
414698	43
414700	13
414700	33
414700	43
414701	13
414701	33
414701	43
414702	13
414702	33
414702	43
414704	13
414704	33
414705	13
414705	33
414705	43
414719	2
414719	33
414719	36
414719	43
414726	33
414726	43
414739	69
414742	2
414742	32
414742	33
414742	36
414742	69
414769	2
414769	86
414774	86
414776	2
414776	86
414789	86
414789	88
414795	5
414795	86
414813	47
414813	86
414819	47
414819	86
414831	10
414831	53
414855	10
414855	53
414871	10
414875	8
414875	10
414877	8
414877	10
414927	16
414927	53
414927	57
414931	16
414931	53
414932	16
414932	53
414932	85
414943	53
414943	56
414944	53
414944	56
414963	53
414963	56
414980	19
414980	53
414980	56
414994	53
414994	58
415012	30
415012	53
415014	1
415014	30
415014	53
415021	56
415021	85
415022	2
415024	53
415025	33
415027	33
415029	98
415030	48
415031	53
415033	2
415034	7
415036	7
415037	7
415038	7
415039	53
415040	53
415041	24
415042	2
415043	2
415044	95
415045	98
415046	53
415047	7
415047	8
415048	53
415049	7
415049	8
415050	7
415050	8
415051	7
415051	8
415052	7
415052	8
415054	7
415055	53
415056	7
415057	7
415057	8
415058	7
415059	7
415059	8
415060	7
415060	8
415061	7
415062	7
415062	8
415063	53
415501	8
415501	57
415514	54
415546	5
415546	19
415546	48
415546	58
415546	68
415546	95
415590	32
415590	36
415614	3
415614	85
415640	14
415640	46
415640	54
415640	57
415642	46
415642	57
415651	5
415651	6
415651	46
415651	57
415651	84
415667	13
415667	24
415667	45
415667	111
415695	5
415695	19
415745	98
415746	98
415747	98
415749	98
415750	98
415751	98
415754	98
415756	98
415757	98
415760	98
415763	98
415768	98
415769	98
415772	98
415774	98
415776	98
415779	1
415779	2
415779	32
415786	2
415786	15
415786	32
415793	2
415793	32
415810	7
415810	8
415810	10
415825	7
415825	10
415834	7
415834	10
415839	6
415839	45
415848	2
415848	6
415848	28
415848	29
415848	49
415851	13
415851	28
415851	33
415851	43
415854	2
415854	13
415854	28
415854	29
415854	31
415854	33
415854	41
415854	43
415854	48
415854	50
415854	84
415886	13
415886	33
415886	41
415886	43
415887	13
415887	33
415887	43
415890	13
415890	18
415890	33
415890	43
415892	13
415892	33
415892	43
415894	5
415894	33
415894	50
415908	9
415908	10
415908	67
415908	128
415953	19
415953	54
415953	71
415954	3
415954	31
432097	2
537738	7
537738	8
537738	10
537739	7
537739	8
537739	10
537740	7
537740	8
537740	10
537741	7
537741	8
537741	10
537742	7
537742	8
537742	10
537743	7
537743	8
537743	10
537744	7
537744	8
537744	10
537745	7
537745	8
537745	10
537746	7
537746	8
537746	10
537747	7
537747	8
537747	10
537748	7
537748	8
537748	10
537749	7
537749	8
537749	10
537750	7
537750	8
537750	10
537751	7
537751	8
537751	10
537752	7
537752	8
537752	10
537754	7
537754	8
537754	10
537755	7
537755	8
537755	10
537756	7
537756	8
537756	10
537757	7
537757	8
537757	10
537758	7
537758	8
537758	10
537759	7
537759	8
537759	10
537760	7
537760	8
537760	10
537761	7
537761	8
537761	10
537762	7
537762	8
537762	10
537763	7
537763	8
537763	10
537764	7
537764	8
537764	10
537765	7
537765	8
537765	10
537766	7
537766	8
537766	10
537767	7
537767	8
537767	10
537768	7
537768	8
537768	10
537769	7
537769	8
537769	10
537770	7
537770	8
537770	10
537771	7
537771	8
537771	10
537772	7
537772	8
537772	10
537773	7
537773	8
537773	10
537774	7
537774	8
537774	10
537775	7
537775	8
537775	10
537776	2
537776	7
537776	33
537776	52
537780	2
537780	33
537780	48
537780	67
537807	8
537807	53
537807	76
537807	81
537815	2
537815	33
537820	2
537820	33
537820	86
537821	12
537821	13
537823	8
537824	8
537825	7
537825	8
537825	10
537826	8
537826	14
537828	8
537829	7
537829	8
537829	10
537830	7
537830	8
537830	10
537831	7
537831	8
537831	10
537832	7
537832	8
537832	10
537833	7
537833	8
537833	10
537834	8
537847	6
537847	29
537848	7
537848	8
537848	10
537850	2
537850	7
537850	33
537855	8
537895	1
537895	3
537895	30
537916	7
537916	27
537916	33
537917	2
537917	38
537917	98
537918	25
537918	36
537918	37
537919	2
537919	33
537920	7
537920	46
537920	76
537924	7
537924	8
537924	10
537925	7
537925	8
537925	10
537926	7
537926	8
537926	10
537927	7
537927	8
537927	10
537928	7
537928	8
537928	10
537929	7
537929	8
537929	10
537930	7
537930	8
537930	10
537931	7
537931	8
537931	10
537932	7
537932	8
537932	10
537933	7
537933	8
537933	10
537934	7
537934	8
537934	10
537935	7
537935	8
537935	10
537936	7
537936	8
537936	10
537937	7
537937	8
537937	10
537938	7
537938	8
537938	10
537940	7
537940	8
537940	10
537941	7
537941	8
537941	10
537942	7
537942	8
537942	10
537943	7
537943	8
537943	10
537944	7
537944	8
537944	10
537945	7
537945	8
537945	10
537946	7
537946	8
537946	10
537947	7
537947	8
537947	10
537948	7
537948	8
537948	10
537949	7
537949	8
537949	10
537950	7
537950	8
537950	10
537951	7
537951	8
537951	10
537952	7
537952	8
537952	10
537953	7
537953	8
537953	10
537954	7
537954	8
537954	10
537955	7
537955	8
537955	10
537956	7
537956	8
537956	10
537957	7
537957	8
537957	10
537958	7
537958	8
537958	10
537959	7
537959	8
537959	10
537960	7
537960	8
537960	10
537961	7
537961	8
537961	10
537962	2
537962	7
537962	33
537962	52
537966	2
537966	33
537966	48
537966	67
538001	2
538001	33
538006	2
538006	33
538006	86
538007	12
538007	13
538009	8
538010	8
538011	7
538011	8
538011	10
538012	8
538012	14
538014	8
538015	7
538015	8
538015	10
538016	7
538016	8
538016	10
538017	7
538017	8
538017	10
538018	7
538018	8
538018	10
538020	8
538033	6
538033	29
538034	7
538034	8
538034	10
538036	2
538036	7
538036	33
538041	8
538081	1
538081	3
538081	30
538102	7
538102	27
538102	33
538103	2
538103	38
538103	98
538104	25
538104	36
538104	37
538105	2
538105	33
538106	7
538106	46
538106	76
538110	7
538110	8
538110	10
538111	7
538111	8
538111	10
538112	7
538112	8
538112	10
538113	7
538113	8
538113	10
538114	7
538114	8
538114	10
538115	7
538115	8
538115	10
538116	7
538116	8
538116	10
538117	7
538117	8
538117	10
538118	7
538118	8
538118	10
538119	7
538119	8
538119	10
538120	7
538120	8
538120	10
538121	7
538121	8
538121	10
538122	7
538122	8
538122	10
538123	7
538123	8
538123	10
538124	7
538124	8
538124	10
538126	7
538126	8
538126	10
538127	7
538127	8
538127	10
538128	7
538128	8
538128	10
538129	7
538129	8
538129	10
538130	7
538130	8
538130	10
538131	7
538131	8
538131	10
538132	7
538132	8
538132	10
538133	7
538133	8
538133	10
538134	7
538134	8
538134	10
538135	7
538135	8
538135	10
538136	7
538136	8
538136	10
538137	7
538137	8
538137	10
538138	7
538138	8
538138	10
538139	7
538139	8
538139	10
538140	7
538140	8
538140	10
538141	7
538141	8
538141	10
538142	7
538142	8
538142	10
538143	7
538143	8
538143	10
538144	7
538144	8
538144	10
538145	7
538145	8
538145	10
538146	7
538146	8
538146	10
538147	7
538147	8
538147	10
538148	2
538148	7
538148	33
538148	52
538152	2
538152	33
538152	48
538152	67
538165	19
538165	33
538165	35
538165	67
538165	71
538192	2
538192	33
538192	86
538193	12
538193	13
538195	8
538196	8
538197	7
538197	8
538197	10
538198	8
538198	14
538200	8
538201	7
538201	8
538201	10
538202	7
538202	8
538202	10
538203	7
538203	8
538203	10
538204	7
538204	8
538204	10
538205	7
538205	8
538205	10
538206	8
538219	6
538219	29
538220	7
538220	8
538220	10
538222	2
538222	7
538222	33
538227	8
538267	1
538267	3
538267	30
538288	7
538288	27
538288	33
538289	2
538289	38
538289	98
538290	25
538290	36
538290	37
538292	7
538292	46
538292	76
538299	2
538299	17
538299	30
538299	33
538299	42
538299	98
538305	45
538305	53
538318	2
538318	32
538318	85
538320	2
538320	7
538320	32
538320	33
538320	38
538320	98
538339	36
538339	37
538339	52
546373	3
546373	30
546373	41
546373	85
546378	2
546378	6
546378	13
546378	14
546378	19
546378	29
546378	35
546378	45
546378	103
546379	2
546379	6
546379	13
546379	14
546379	19
546379	29
546379	35
546379	45
546379	103
546380	2
546380	6
546380	13
546380	14
546380	19
546380	29
546380	35
546380	45
546380	103
546428	1
546428	85
546428	114
546429	1
546429	85
546429	114
546430	1
546430	85
546430	114
546434	1
546434	85
546434	114
546435	1
546435	85
546435	114
546436	1
546436	85
546436	114
546440	1
546440	85
546440	114
546441	1
546441	85
546441	114
546442	1
546442	85
546442	114
546459	3
546459	31
546459	85
546460	3
546460	31
546460	85
546461	3
546461	31
546461	85
546465	3
546465	31
546465	85
546466	3
546466	31
546466	85
546467	3
546467	31
546467	85
546471	3
546471	31
546471	85
546472	3
546472	31
546472	85
546473	3
546473	31
546473	85
546478	3
546478	31
546478	85
546484	2
546484	31
546484	62
546484	85
546485	2
546485	31
546485	62
546485	85
